 x =    1.0000000000000000     
 n =           20
 exp_true  =    2.7182818284590451     
 exptaylor =    2.7182818284590455     
 error     =   4.44089209850062616E-016
